{
  "advancedEditorSelectedIdentifier" : "ProjectBrowser",
  "openSceneRelativePaths" : [
    "Immersive.usda",
    "Scene.usda"
  ],
  "recentIdentifiers" : {
    "D66134B1-3681-4A8E-AFE5-29F257229F3B" : [

    ]
  },
  "sceneCameraHistory" : {
    "443EFDDA-FE90-47E8-AC07-94D3DF572352" : [
      {
        "date" : 730941349.371426,
        "title" : "Untitled",
        "transform" : [
          1,
          0,
          -0,
          0,
          -0,
          0.8660254,
          -0.5,
          0,
          0,
          0.5,
          0.8660254,
          0,
          0,
          0.19797127,
          0.3428963,
          1
        ]
      }
    ],
    "AF09ED6F-1707-48FD-8720-65B998362C09" : [
      {
        "date" : 730918984.436099,
        "title" : "Untitled",
        "transform" : [
          1,
          0,
          -0,
          0,
          -0,
          0.8759576,
          -0.4823881,
          0,
          0,
          0.4823881,
          0.8759576,
          0,
          0,
          68.726036,
          116.91964,
          1
        ]
      }
    ],
    "D66134B1-3681-4A8E-AFE5-29F257229F3B" : [
      {
        "date" : 730949535.963047,
        "title" : "Untitled",
        "transform" : [
          0.7774649,
          5.0851583e-08,
          -0.6289263,
          0,
          -0.15746161,
          0.9681514,
          -0.19465055,
          0,
          0.60889584,
          0.25036573,
          0.75270367,
          0,
          0.10118039,
          0.023621805,
          0.115039155,
          1
        ]
      },
      {
        "date" : 730949384.663438,
        "title" : "Untitled",
        "transform" : [
          0.6868207,
          4.7250296e-08,
          -0.7268269,
          0,
          -0.24591313,
          0.9410247,
          -0.23237745,
          0,
          0.68396205,
          0.33833793,
          0.64631516,
          0,
          0.11354382,
          0.037598692,
          0.098608345,
          1
        ]
      },
      {
        "date" : 730949362.309575,
        "title" : "Untitled",
        "transform" : [
          0.6116919,
          4.7381658e-08,
          -0.79109615,
          0,
          -0.27870178,
          0.9358878,
          -0.21549794,
          0,
          0.7403772,
          0.35229823,
          0.5724749,
          0,
          0.12227058,
          0.039829545,
          0.08656201,
          1
        ]
      },
      {
        "date" : 730948706.199372,
        "title" : "Untitled",
        "transform" : [
          0.6116918,
          2.290058e-08,
          -0.7910961,
          0,
          -0.27870178,
          0.9358878,
          -0.21549794,
          0,
          0.7403772,
          0.3522982,
          0.57247484,
          0,
          0.1222706,
          0.039829545,
          0.08656201,
          1
        ]
      },
      {
        "date" : 730942168.251147,
        "title" : "Untitled",
        "transform" : [
          0.6116917,
          3.740759e-09,
          -0.7910962,
          0,
          -0.27870178,
          0.93588775,
          -0.21549791,
          0,
          0.7403773,
          0.3522982,
          0.5724748,
          0,
          0.19930568,
          0.058174398,
          0.13752079,
          1
        ]
      },
      {
        "date" : 730941824.693095,
        "title" : "Untitled",
        "transform" : [
          0.6116917,
          3.740759e-09,
          -0.7910962,
          0,
          -0.27870178,
          0.93588775,
          -0.21549791,
          0,
          0.7403773,
          0.3522982,
          0.5724748,
          0,
          0.24445711,
          0.079659075,
          0.1724328,
          1
        ]
      },
      {
        "date" : 730941810.092542,
        "title" : "Untitled",
        "transform" : [
          0.6116918,
          3.225368e-09,
          -0.79109627,
          0,
          -0.2787018,
          0.9358879,
          -0.21549787,
          0,
          0.7403773,
          0.35229814,
          0.5724748,
          0,
          0.40710613,
          0.19395585,
          0.3150139,
          1
        ]
      },
      {
        "date" : 730941790.396445,
        "title" : "Untitled",
        "transform" : [
          0.6337206,
          -1.8550326e-09,
          -0.77356213,
          0,
          -0.173479,
          0.97452945,
          -0.1421181,
          0,
          0.75385904,
          0.22425991,
          0.61757934,
          0,
          0.41454947,
          0.12356398,
          0.33983615,
          1
        ]
      },
      {
        "date" : 730941787.26015,
        "title" : "Untitled",
        "transform" : [
          0.99580085,
          -1.8129018e-09,
          -0.0915461,
          0,
          -0.007934196,
          0.9962373,
          -0.086304545,
          0,
          0.09120164,
          0.08666847,
          0.9920539,
          0,
          0.04999313,
          0.04787963,
          0.54572535,
          1
        ]
      },
      {
        "date" : 730941767.028656,
        "title" : "Untitled",
        "transform" : [
          0.8982096,
          -2.0150939e-09,
          -0.43956748,
          0,
          -0.09598129,
          0.9758697,
          -0.19612753,
          0,
          0.4289606,
          0.21835388,
          0.87653553,
          0,
          0.23579283,
          0.12031535,
          0.48221767,
          1
        ]
      }
    ]
  },
  "selectedSceneRelativePath" : "Scene.usda"
}